3363
67940	7792	514
93647	69330	641
18729	99216	370
13095	51058	1120
7728	59965	573
49718	89567	573
86612	79836	371
40657	15649	19
54778	60577	30
72839	9296	1324
27040	90074	58
49430	41782	1320
64063	68170	263
20635	73880	766
64927	24718	1283
44369	45924	19
14319	14319	134
35076	95392	19
76584	18960	1292
98069	80817	606
27101	27101	134
80955	30075	546
23547	88252	19
13232	19292	1158
79331	7878	1324
15447	28791	1238
17161	33744	1098
43375	39579	1320
2975	84065	641
59805	62704	62
54714	73643	559
28730	35547	1134
93195	93195	575
1298	59344	598
30936	47135	19
56463	56463	134
58720	24848	263
93242	464	19
33855	33855	134
54855	83696	1283
8776	8776	480
69469	916	559
40424	74915	1134
87457	5778	370
49916	67069	1354
33404	30568	748
91177	34901	30
1438	16623	1114
60077	60077	575
4628	50495	1320
65254	84317	687
15447	28522	343
11367	93345	19
20252	34833	573
26027	88851	641
62065	38281	19
82239	16503	1324
53868	7662	446
50799	96586	90
75295	82516	1324
9610	40293	1276
7792	67940	161
33251	15104	606
20879	47087	606
86571	33444	1238
82194	35388	798
4521	53170	606
10244	74459	1283
74647	91556	1238
85924	85924	575
44133	55821	606
1119	1119	755
30451	59050	1283
61681	35185	606
72893	72893	134
22464	10610	1098
66875	16840	75
44626	83434	19
87368	82156	1324
70608	53310	19
51092	51092	480
75588	38802	1283
15415	94892	1134
3792	48993	606
70422	88621	1324
70293	98996	58
1991	77109	370
67403	31990	62
20446	56518	72
32489	52852	370
91832	17723	62
81096	4101	62
40791	42034	19
62245	89841	19
36655	35006	370
66882	50307	798
85700	76360	573
50370	72841	193
41928	21242	62
45928	9724	1238
35911	35911	134
76598	9942	30
71983	37457	1099
12428	30678	1276
58094	91524	606
63610	51737	606
10770	13518	1320
19512	50588	19
37525	66831	1283
4464	62870	840
33337	84533	162
61560	75662	1120
34313	17261	1354
1012	36149	19
8184	8799	606
60573	2070	1324
79860	21061	58
48396	80063	162
83549	61131	606
90460	2636	343
34386	34386	134
72839	71617	58
23552	73485	343
29341	91113	1283
56454	56454	575
100016	22300	606
20861	4697	370
44008	90515	19
48517	88515	19
61577	81700	641
6089	6089	134
11967	13602	1283
77857	77857	982
91510	66185	162
39862	12931	606
11940	16877	62
25983	25983	755
48818	4845	19
33688	86639	162
2451	70344	1238
52776	52776	575
69455	98873	1354
45025	63169	924
32364	11863	573
37971	13000	19
50359	28688	19
38987	12720	606
1302	57374	606
12428	98411	1276
70124	80164	1099
27031	91190	606
13141	21292	1134
13319	13319	575
86912	4514	81
86013	55417	606
53645	9649	371
38216	54391	58
73386	46668	1354
39937	30470	30
68454	58324	573
42776	36730	606
58211	34765	641
4073	4073	134
92488	47006	30
6389	26060	1354
49790	47130	370
11499	11933	1276
97804	83283	370
36379	17042	58
95689	20834	19
76168	76168	134
88008	28150	1098
74370	74370	575
58539	77416	343
35929	68762	1276
19829	14238	371
38836	10277	926
100683	4997	606
80924	18264	688
79788	50084	641
36614	63414	798
71470	31404	19
87367	56915	1057
16498	16498	575
26951	19984	58
62086	62086	134
40514	97028	1099
24214	56805	19
95743	52992	573
79240	77571	1324
41627	95407	19
22177	79421	19
29677	45597	62
75746	83596	1320
16499	77054	1320
96967	96967	755
50271	26372	263
95959	33078	1317
45479	86519	798
44339	90411	1283
54511	90063	1057
36767	25519	573
8239	44073	455
39365	15521	1134
88048	73144	1099
68285	83662	1057
26160	67219	162
8459	68142	559
98323	38645	1276
100225	46708	606
87231	1272	456
26231	9274	606
51192	51192	575
28369	53555	559
99325	95008	263
61250	71421	606
29297	73542	162
60277	60241	1158
27532	27532	575
7262	28717	1354
24550	24550	575
15453	15385	1099
73053	73053	134
97572	97572	575
45270	5520	1199
83702	7468	1324
75168	75168	575
62489	23594	1238
16493	83702	58
35730	96427	1134
72321	55345	1354
49808	93065	573
51371	40230	19
67422	79517	1141
33262	64984	573
35645	84095	343
61931	7912	19
99543	24501	766
81507	78462	606
51539	51539	62
57184	54076	1099
85697	74218	58
85815	15829	606
56710	85869	430
16838	52471	19
10495	83826	1324
41323	94437	708
55407	30061	371
39456	39456	134
29371	566	798
17750	94772	641
22299	42011	58
17107	55545	244
61473	151	559
62881	62881	575
32972	32972	134
11915	20730	19
66424	26107	559
88180	96356	1099
83112	10698	766
46578	41803	641
19922	19922	134
73064	90144	1238
47695	44091	1320
22975	33438	1120
47572	15447	345
86874	37063	62
50824	41266	573
66066	74105	606
95201	86365	19
51187	51187	134
69779	39253	62
10161	47614	1354
31343	982	19
79174	41037	1324
10178	25461	19
53021	57504	1276
39936	94055	641
97353	96238	1120
85958	39344	19
15096	86164	30
35502	96044	606
63574	97989	606
96670	28587	1238
96121	82551	559
35637	39512	1354
10286	56949	1324
48040	79167	1238
51512	56710	1317
6633	73331	1276
59587	22452	1324
36856	39436	606
88503	96507	371
48256	54903	20
51300	51300	755
98429	98429	575
18759	65716	641
48512	4420	1283
7014	16314	708
60179	71020	641
53170	98455	573
19579	99054	58
36238	26039	1324
1584	90008	1091
89593	7484	1134
81700	62086	1057
34921	34921	575
97534	96390	1057
33623	52413	1324
28245	28245	1238
93562	57878	606
17293	51879	281
79452	19250	1134
67724	98459	641
5664	44454	430
19308	21581	19
70410	70410	134
10640	26113	559
39548	51816	263
93796	93796	575
32554	51854	559
15635	5466	58
44281	27410	606
59748	14359	1322
93951	93951	480
92958	27293	1229
99249	45190	1030
54558	69147	816
33820	71802	559
66581	90757	1354
2974	52717	606
51841	8752	1354
32028	899	573
24763	98542	1026
21604	4765	62
96968	14983	1283
94413	15212	1134
6838	36419	19
79936	16210	1276
26113	151	559
42936	31574	573
39314	24171	19
50478	39687	378
11697	11697	575
23091	54756	19
34264	5607	1324
92666	83292	30
93905	96693	573
70004	40850	1342
82856	68297	19
5520	13835	626
41855	86854	641
85973	16847	688
87996	54939	1238
13202	34086	1324
53772	41543	343
66980	14343	370
53925	53925	480
98505	98505	134
97249	32019	1238
6851	90411	559
1732	1732	575
90778	58078	606
81822	50780	419
60069	47914	180
65085	65085	134
39340	63110	606
78539	84860	19
29629	12835	370
98455	53170	1324
81409	26788	19
66810	89343	634
69262	51921	30
49294	11181	606
56110	34283	573
20346	99033	244
25212	69754	1276
96730	87298	170
89933	21657	559
27737	52435	810
41251	59852	2
57144	18960	170
55663	58820	1238
69279	29481	19
53170	69469	1324
71920	97266	1120
38263	6379	19
72404	43060	467
27138	88433	62
87571	71344	30
53279	95457	19
24848	58720	371
40293	9610	58
66034	68511	1057
29213	77434	1199
66104	58856	1238
79850	35048	263
6747	6747	134
19512	86957	19
9378	21549	62
83588	86475	286
69887	43316	1354
57073	38807	1238
23552	55451	162
80596	80596	134
47394	64883	606
9838	9838	575
62487	1352	1276
59702	91293	1324
97493	69854	19
47472	62823	1276
34230	34230	134
54358	66878	1299
15447	79884	343
28462	57373	371
9251	9251	755
88963	16997	606
49428	52651	1320
19533	50443	30
100248	26079	170
32138	95745	1354
93130	73643	1324
14359	53621	425
50044	29017	606
12585	90119	1324
70633	70633	575
23715	18551	19
73790	73790	575
25687	78481	1324
57903	25	62
99033	20346	969
13880	66034	343
39000	40076	196
43380	9664	606
13058	88334	1238
4679	60334	1057
3580	93849	1120
100062	51289	58
12501	25764	58
85748	16920	606
87151	962	62
73727	73727	575
61378	61378	575
64323	44281	606
100515	99178	722
68265	3991	986
42418	4719	97
18960	57144	840
2657	58685	19
47135	65745	19
93960	98231	58
68925	82557	62
71335	59282	606
25758	98169	1354
29769	99919	763
59752	59752	405
2212	2212	575
59527	59527	134
95362	95362	575
6951	16148	339
73390	73390	134
63254	53331	606
49809	35940	606
91863	19875	573
17514	51681	559
37298	47953	1057
30355	30355	480
49574	66721	19
49266	96905	1354
12128	100732	512
60777	49123	1276
37173	20152	162
66674	30824	1324
4845	5355	1276
83494	91112	1120
78869	53621	425
46178	22593	370
15130	15130	755
15393	40290	606
47534	47534	575
75364	60978	606
39966	19512	1320
42140	62440	1283
85752	87631	162
46904	2320	838
52050	52050	480
15447	72087	607
33483	77268	19
8226	99394	371
50105	9880	231
4199	4199	755
80661	8527	1354
65116	65116	134
31790	21218	708
67373	38371	58
89480	3325	1276
38907	38907	304
22464	10610	62
1018	47934	19
79040	49727	969
94808	39368	606
38836	16217	176
182	22587	19
36176	37354	606
34751	41269	1276
29250	6308	19
92230	12761	1324
27506	7014	1150
22344	9918	1120
20968	42672	641
63412	42686	1134
47109	47109	575
42140	62440	606
70892	70892	575
49495	45293	1324
91091	3289	1057
43073	57566	58
12621	96488	30
14500	18640	371
7619	99623	1087
21369	6447	1283
54165	66209	263
5387	34896	370
26938	13319	641
79798	57408	606
62081	62081	134
75081	32886	1354
57893	59185	606
35676	35676	134
1675	80217	1354
12146	28493	19
89446	46155	1238
75327	68480	19
60227	77868	606
6187	36271	430
19575	38833	680
26222	62634	559
80876	68955	606
29944	55596	606
28601	46840	1134
28421	8555	430
4389	25124	1141
76581	39603	62
94625	94625	1150
81422	45358	62
19249	59464	263
60993	60993	755
42623	71809	1130
60482	31148	170
83005	78840	606
39474	75666	19
35557	75980	19
12434	88621	573
27849	47047	654
84867	70450	798
67940	29875	149
22374	11412	1057
86889	29172	1354
6379	38263	606
10640	3505	606
18106	13319	840
53353	98562	58
3015	100071	1150
15849	85305	798
82739	87372	1322
55374	1858	1134
74962	74962	798
83826	16625	573
730	34586	606
93429	58544	606
4251	19751	641
47872	98111	62
11252	46761	1283
11787	69674	606
44351	21093	641
25161	25285	1320
99458	4624	1075
22110	41887	58
3633	92116	62
7302	39102	606
44899	82542	573
6641	41508	50
6438	25349	19
53038	51327	62
19018	35195	573
32332	69282	1276
28213	88483	641
85609	37715	1320
40822	16958	606
14861	88475	19
1399	24281	1283
79079	17386	1324
71765	14218	430
90825	97622	1324
70885	93606	430
87050	87050	575
27195	64887	19
89104	34833	606
76944	92469	58
79105	25749	798
71736	34310	393
17070	54159	1324
19348	82766	1120
42117	82212	573
54669	54669	575
55936	25639	30
35426	98156	1276
92962	39973	641
51214	63122	58
96964	38566	1354
52703	52703	575
55299	60472	606
94587	35536	626
84423	14058	207
6148	6148	134
63040	19748	1324
52891	28885	371
22457	37175	19
85663	53285	457
55472	23074	1276
94953	23858	30
19078	20735	1324
51471	84803	1099
23254	76821	606
4920	51071	1320
5688	5688	480
18340	41591	1324
1940	1940	134
23275	23275	575
14963	14963	667
72301	94197	1120
10209	81726	1057
31889	19378	606
81111	62379	19
73242	80950	1276
26232	8803	58
15617	15617	575
98965	67536	1238
74245	47161	1141
39026	97302	19
69005	69005	134
13238	84482	58
66922	66922	134
16099	44208	1283
23058	95762	58
65244	30951	30
66445	96955	299
68480	75327	606
68867	68867	134
18993	25538	606
46313	39095	641
25693	52242	1320
42105	26054	19
75762	37903	573
74698	74698	134
90411	27046	559
54738	63630	1324
15981	15981	575
88268	17485	606
72841	88981	90
4101	94798	343
2543	22924	606
79817	79817	575
21606	21606	134
84021	87164	19
98763	100147	1120
19512	62713	1324
53621	14359	580
15893	71932	343
70223	97464	1324
57992	57992	575
87495	59185	559
8277	12169	19
96340	87050	1098
49042	43771	573
93596	20995	573
63858	51207	1324
77459	63831	30
66570	20551	19
62500	14841	524
45236	24826	1344
34743	51265	19
25953	38886	1134
96123	52620	19
66581	76004	763
68702	70633	1057
33198	54280	1309
99373	23745	641
62411	31873	1134
5033	21921	840
31787	31787	575
55677	70215	1120
11342	7840	19
94034	31826	170
640	36542	263
63569	16274	1354
63512	63512	755
73390	73390	1238
36580	25027	687
69543	51834	641
11325	74875	1120
96688	448	606
17835	79382	30
22086	50844	229
35828	17072	1324
7973	51992	456
85426	38952	19
11764	50471	573
91563	42098	1056
78978	72500	62
30745	52303	606
48561	54764	573
30416	75789	1099
99002	44595	1120
80047	20264	162
41488	62319	1354
18545	50588	606
49901	19786	1134
94001	59169	1324
19760	19760	134
90434	77224	1324
66380	66380	755
96600	76584	606
83748	242	1238
1086	1086	134
21797	55604	981
95489	95489	162
96037	10718	1324
83498	28925	1276
87169	1833	370
81557	20383	19
30806	84656	58
31118	31118	134
59496	39701	161
26693	6769	1324
17119	51522	1354
93664	61918	1238
62368	65525	1057
88862	24776	1238
85305	15849	430
92896	5247	1099
58167	88373	19
57306	839	1158
28804	28804	575
46621	36714	1354
94449	85032	606
66066	3098	606
28506	72346	1324
61521	31903	1276
99492	55469	19
64214	79544	573
74790	6620	1098
71475	79715	606
52991	151	559
26580	26580	480
56728	2570	19
73598	8478	1324
75565	84768	362
32094	12146	19
6030	79640	1120
65661	84288	798
58820	55663	743
20494	20494	575
5274	5274	1276
92968	3726	1276
18806	18806	1099
38997	47566	1276
91113	92470	559
46156	47220	370
36249	54850	606
28728	29828	1091
71154	39542	58
38288	63947	339
23000	87618	343
62597	7205	393
95966	41048	1134
4514	78158	1114
46629	46629	134
30183	33871	314
57324	32073	573
60744	21725	19
11248	2999	1238
89021	31421	399
74535	1204	1347
43179	13845	1354
6642	6642	575
87988	70346	880
59646	76737	162
63345	62293	1276
90798	64598	1354
46323	5913	58
27349	35225	1120
25021	27187	606
862	17075	1171
47513	62883	606
19358	44839	573
40150	9327	606
12531	13172	170
61802	36638	530
21316	50588	606
61600	22506	1238
45335	31826	1318
62621	23885	1320
79331	81125	58
38013	17075	1046
6185	115	62
60024	40307	19
97125	52632	1099
24666	47535	1120
62900	98873	1354
4745	79233	152
7205	62597	530
80977	23606	573
64678	97831	1320
56126	92818	606
41498	71869	606
71802	33820	1283
81812	11611	606
37208	3421	430
31608	26788	19
35997	42149	1098
18008	36203	1099
75295	38396	1324
52879	14846	1134
68173	95444	263
21242	41928	1238
10289	34452	1276
78977	27552	62
79373	79373	162
95545	85035	19
38836	22879	15
90119	51629	1324
67128	55909	1120
9913	58082	1057
26668	56829	606
65532	96010	641
81098	76276	19
45086	21943	546
82536	41089	1324
80249	66636	19
98455	69469	573
79425	22595	19
68847	99397	1354
37610	58939	1120
13248	19065	1354
42759	98557	1099
22933	15529	606
43169	15275	1098
75964	8520	62
25325	22166	94
67536	1091	62
58447	40290	559
10244	12505	1324
97515	97515	134
16153	186	1238
13319	99591	343
3642	3642	134
15214	70771	343
75295	53170	573
6340	6340	755
86499	75016	343
52909	37724	1276
66836	74505	573
54250	92667	1324
39940	13026	170
32200	93924	726
51212	51212	981
58446	42157	370
81809	66844	1098
75058	70219	573
43342	96600	1276
13088	32335	606
46761	44522	1283
74680	70046	573
89116	38526	343
77757	53817	606
91986	99380	30
97253	96641	573
5180	27775	19
70461	87773	1276
32453	19874	170
69279	7060	798
42551	36202	19
6148	55438	162
4230	84841	19
44219	82856	606
28981	37997	859
43637	56432	58
67723	76360	58
16615	67408	58
59002	53691	573
75077	1919	1099
84497	74260	606
18824	55572	840
66307	66307	134
49422	39474	19
9693	78773	606
71180	43617	1238
47517	47517	134
85117	3214	1133
9243	9243	134
92570	85147	1002
27870	88557	606
90000	74462	162
79314	93960	606
68309	68309	755
78821	80458	1354
75610	77590	606
20834	95689	606
68515	8352	1354
34545	38305	852
92579	37751	606
93960	66221	1283
57988	38878	196
58762	76356	606
89094	89094	575
68285	87387	1057
44665	87285	1238
71809	42623	688
49023	56904	1276
47947	31632	1120
50064	30900	19
52361	81015	1134
3726	82800	19
21594	21594	134
11838	99157	1056
51315	67296	1099
75683	53428	1057
29341	70223	606
69195	52435	370
53549	53549	575
69370	69370	134
16949	46640	743
84955	84955	575
28724	28724	134
29629	53335	370
15981	15981	134
90730	65908	370
33483	77268	19
24826	42868	154
53166	53166	62
29468	29468	134
7834	41430	19
64984	79883	1324
17413	17413	134
39344	85958	19
70876	42249	30
44193	86889	666
8909	8909	134
8740	61522	58
51784	37380	840
63233	13654	1330
61134	61134	134
9435	33434	1099
50989	42891	1134
10434	95845	58
54027	17568	62
7602	7602	575
84136	60835	606
28174	9558	58
29807	45778	1120
14741	70001	1276
97480	47881	1271
68557	71448	1134
8151	93198	606
77790	41177	641
71517	100212	343
22463	77474	606
8780	62186	606
93905	96693	1324
6058	46170	1276
54593	98006	606
50914	9968	1324
89504	25280	1276
7657	73424	1320
21415	21415	480
75338	63265	606
46761	6415	1283
2847	2847	134
24852	25695	30
15893	62179	1354
97020	22332	606
65067	100519	58
73129	85694	1341
20598	16645	409
93327	76624	58
56949	10286	573
2882	9116	1238
90151	54863	22
70149	31833	606
80666	37980	1296
2927	12902	606
32319	12981	19
44603	28578	19
53645	81493	1120
47504	47801	62
46640	16949	1238
39351	78017	19
23232	44590	1324
73727	73727	134
50914	82139	1324
83308	23851	798
1042	3577	19
18437	80601	1120
9490	85817	1098
17280	17280	134
51085	93702	641
67791	50222	606
64140	91651	573
99272	54890	1238
100462	42825	1120
90931	4976	30
50438	78121	19
83733	24565	1276
47855	37848	162
22593	46178	1320
8878	86339	62
85906	7421	1276
62989	43901	924
25625	4095	19
36941	9681	58
36517	97548	606
29481	69279	606
7538	7538	430
88023	1664	1120
79022	11334	1134
75831	35702	606
95455	51175	641
20123	4207	19
72314	29417	1099
29616	71767	263
37253	61372	606
54761	12824	606
94103	8519	19
43920	22278	606
58820	55663	264
78038	17107	244
82230	80138	19
94434	47675	154
98697	98697	575
21907	65181	1120
23656	77928	559
25577	16833	559
49843	83353	606
56837	56837	134
68262	88648	1354
58821	40716	1354
66740	35919	1276
31587	54235	370
90285	81180	1276
93612	84337	606
89749	89749	575
73553	73553	134
47471	81723	687
19146	19146	480
24550	24550	134
89904	30424	606
64173	4506	370
51309	31755	1283
52992	33399	19
34095	80276	606
85585	27664	1099
37888	6447	1283
39072	100278	1354
59072	7638	62
37976	52594	1099
12174	46741	19
72971	35303	559
70360	56351	1276
92047	66361	430
40869	99829	606
27886	8465	1098
39351	78017	606
60528	59242	0
25754	90591	1098
35904	61476	1238
22525	89110	371
59683	59683	134
18268	18333	1134
18644	39111	30
43870	43870	755
92389	56088	430
79736	6043	516
15846	94753	573
71765	65737	430
17541	84494	343
99765	71343	573
6908	95801	263
68725	96856	180
18650	12954	1354
12236	87795	573
26055	16082	1120
21657	52313	559
100225	74303	1283
25265	16729	606
47227	86086	58
59265	85973	1354
61114	54118	1276
19818	95423	19
85902	30346	430
4370	64123	1283
85872	85872	134
68142	26531	559
36185	37563	606
27292	8570	1056
12412	9243	840
11414	11414	575
42111	19255	606
73241	62496	1324
38332	32556	19
11623	22079	19
37208	32453	840
12643	28784	1330
71020	33599	1354
26954	28317	1324
55821	100122	1354
57536	94001	573
2089	2089	134
52786	39958	430
94399	69171	371
100710	100710	134
6468	6468	575
57780	34693	606
17947	58145	1099
2862	82013	606
1244	30815	62
11362	39595	1099
19265	67224	1134
95763	410	1320
37472	51834	1238
55349	65028	1238
86462	69666	606
7270	21182	1324
903	903	134
38442	20662	58
72951	47318	58
73148	73148	755
82422	82422	575
86790	86790	575
84246	84246	134
30814	11264	840
96833	32550	1271
35065	51930	1276
52313	21657	559
1313	64984	1276
79255	69348	19
57131	40945	573
62883	47513	606
43856	43856	134
23596	23596	134
42345	42345	575
42350	93843	740
82781	12112	1057
45799	39940	840
32560	41859	19
71647	25293	30
96345	70633	1057
32725	26543	1225
62646	37275	30
7664	7664	134
23552	23552	575
87577	27659	606
40682	73078	918
4514	86912	1114
985	42763	1238
57824	26281	1057
51547	77762	606
19224	18901	1354
82679	59174	641
6560	72050	1141
60633	28369	1276
24194	35811	19
50860	50860	134
87773	69279	58
73958	26044	606
60180	69529	606
7476	41639	263
85074	85074	362
10131	78169	508
62646	78704	1134
4089	86638	19
35230	91355	1276
15447	30562	343
83633	35149	606
96688	896	19
91798	375	19
1071	32453	1156
67573	42656	1057
63565	28034	606
21768	8782	1134
1430	48670	606
50803	47870	1057
79174	41037	573
6340	6340	480
37611	10236	1283
88274	11774	393
40089	56589	606
43928	36249	606
83818	58543	573
20229	33100	1354
89747	77697	263
93960	46761	559
97497	36056	1324
87490	34342	19
88316	68924	1134
91465	46854	606
51893	81199	393
71304	66710	1002
83539	60633	19
95787	92691	69
62545	58326	1324
87900	5640	1324
63496	96300	1098
53511	71030	430
94309	51681	1283
83543	51240	19
36005	87446	19
37232	896	1276
33444	86571	62
52992	95743	573
15804	74659	573
64600	76887	606
96201	21795	573
34607	5180	748
36309	9289	1238
19984	57674	1276
17958	4187	1320
6004	36185	559
42891	50989	30
67150	6401	19
37131	26074	19
31241	59748	256
25501	21460	62
41541	15586	1354
86509	48590	573
14302	33254	58
37443	55270	370
8213	8213	575
38948	67776	1134
2850	2850	575
31583	58075	659
81432	11617	634
25957	99876	1117
88707	79736	559
77830	24826	231
625	1050	430
41553	70633	330
81012	20155	606
51668	6954	606
71161	71161	575
75315	8346	1099
41549	34099	1238
61790	15255	1134
41566	41566	575
53506	73954	62
97784	80745	1134
94893	51896	162
8543	14658	573
13378	37280	606
43974	78918	1324
11968	11968	134
76504	83498	1354
39095	46313	1354
88640	71892	290
67567	71929	1324
20969	89870	1354
67811	16432	606
9419	9419	575
40712	40547	573
2952	18374	162
91466	86411	1141
21326	80003	1276
94546	70145	1134
31937	37297	810
27195	64887	606
65042	25455	19
85447	36479	1354
21061	30156	1324
37218	246	1320
83037	16275	606
1607	1607	480
70835	70835	575
51240	83543	19
43281	91838	1354
22321	70313	1134
26314	51362	19
54681	6749	606
7422	72015	19
31407	95654	1341
63475	23765	606
72353	81245	1324
6876	51276	1344
96297	32297	606
93879	86990	606
60612	23045	62
26333	98101	19
67632	66090	573
44563	60956	1322
67855	59344	865
43294	80965	1099
40444	16833	1276
45086	49853	1344
25658	87529	606
22752	92309	1098
70500	14532	1238
15447	8427	480
74253	10725	1057
65789	74163	641
18710	94040	162
55217	12505	573
91838	19973	19
38670	87500	1134
11555	14224	1269
42192	42192	575
63596	60967	1276
67301	29892	30
71926	55682	1342
70445	98900	573
44295	96282	244
66522	100726	1324
36364	36364	575
4595	4595	480
19356	50799	62
95606	77179	19
18652	62720	263
71973	71973	134
49212	67984	1276
16568	70808	19
76676	83228	1134
703	45230	30
74528	47298	559
46592	81328	30
39671	100108	62
51601	51601	575
987	13703	370
14963	14963	1243
88269	19690	606
14990	19788	370
85032	72475	19
60238	60238	575
68448	6765	924
87286	3503	1134
62379	56924	606
30365	88879	1120
26027	8456	641
47855	23422	343
3535	3535	575
81409	49294	573
84564	19690	573
3407	99131	1120
85898	66460	19
35082	21831	1324
18098	29703	58
87063	66117	606
59797	49208	30
22332	59676	641
10861	6851	559
50968	50968	134
84980	35961	606
66652	81598	606
34087	11094	19
31138	31138	134
69866	48419	1120
43858	30447	30
50583	50583	1261
98320	99932	654
67696	67696	134
46164	61398	162
74265	74265	575
53985	5119	1354
58070	41453	606
58092	23506	606
44869	33790	455
82516	38396	1324
62885	82429	1099
89254	89254	134
85294	95748	573
65925	39246	1134
85136	45257	1120
33880	21078	51
12445	33032	766
80862	45801	456
46684	61439	58
73563	95952	430
22278	12877	58
73758	22172	573
59544	51263	573
82803	31932	371
72066	50631	30
31250	66034	641
50223	36129	573
27328	7315	371
29718	21021	58
13058	62394	1354
61377	30114	1057
70635	13216	154
77095	25281	30
1857	97882	19
28125	64077	1099
73194	25835	1276
63122	51214	1276
44361	43291	97
74799	14871	58
22917	87123	343
19381	4134	51
8246	2036	19
92942	97340	1354
59185	57893	19
41627	95407	559
53096	53096	755
11531	71345	19
28591	6794	19
65639	90788	62
31235	13428	430
44193	25075	1341
7949	76474	19
70370	2235	606
30060	4438	606
51014	76707	606
67395	9874	30
6966	6966	575
74853	31995	19
26607	94889	162
85893	51200	606
12375	8520	62
9660	51153	840
46621	47513	559
87918	72457	30
53577	3533	606
23774	39462	1002
72110	49321	1283
84127	84127	134
23311	57837	606
89789	89789	755
55835	72394	1238
57520	41801	58
66095	66095	755
56116	45741	19
54071	47612	840
20596	2118	606
96879	96879	575
19284	19284	755
13501	13501	134
5903	26007	62
93556	93556	1238
80003	21326	58
80720	54252	606
79018	53814	606
89870	20969	641
15242	88448	606
20211	20211	755
54410	8925	19
87275	99921	573
13884	1857	1276
82671	88621	1324
64099	35717	1324
92073	92073	134
45676	80739	1098
6873	43712	961
67379	15567	370
50163	62941	19
19278	80906	1324
23673	36779	606
56256	33506	165
67595	23592	1238
27046	74976	1276
29295	56875	1120
14910	81559	62
53120	30792	263
32976	49902	1099
21657	58190	1283
42552	90744	1134
54334	8459	19
80739	45676	1238
47927	9167	58
44595	5971	1099
53170	75295	573
19381	47422	19
96831	64927	19
63652	40854	58
58078	90778	19
12675	34366	1354
16206	63545	606
78730	65150	19
46761	96679	559
10224	10224	480
50456	61806	1283
1685	44115	343
90482	45031	1276
51075	95761	19
58634	58634	575
48415	6534	1276
8459	68142	1283
87996	87996	62
89142	25485	165
39082	39929	58
58190	25208	1283
87495	79416	1283
47801	47504	162
17858	17858	575
96821	35600	58
32285	8424	19
94115	46010	19
23750	31849	19
63040	19748	573
29298	83652	1354
33599	71020	641
65215	13988	641
29099	75810	606
37740	43725	1324
46313	54953	1324
737	88640	559
33433	54159	1324
7852	8465	1057
65682	40927	1120
85902	85902	755
39862	12931	19
67348	20630	1120
46019	11115	766
24844	21921	1354
52116	52187	606
83699	68989	573
91137	91137	575
82535	91537	1099
12422	14832	798
62293	63345	58
10470	23738	1320
94853	94853	134
33922	23224	641
53444	47555	19
17926	17926	480
2107	23049	573
9347	9347	134
78267	54565	1276
61255	55117	559
54658	58397	641
12663	35549	1120
8757	42749	19
70500	11555	673
6610	25116	606
50139	19187	745
39360	39360	134
36163	51167	1320
15877	55499	62
36942	63397	573
60932	25213	1056
43788	19379	573
29257	18100	19
68452	16061	1324
55442	55442	134
56978	22090	81
41855	65545	19
26592	63432	58
57313	96456	1354
48215	48215	134
80019	8589	1324
67555	38958	1344
79677	15778	58
24749	89273	641
98617	99254	1238
77521	73693	19
12611	76529	606
72127	53191	19
74505	59055	573
95085	55927	263
57017	64231	371
99292	69828	58
12871	47700	606
90198	97637	606
26207	26207	1320
62845	62845	134
38826	78154	263
49039	6276	766
8291	33146	1324
11587	11587	1238
29548	29548	97
40942	40942	575
5461	66601	573
62142	35703	1134
87544	24662	1141
83467	664	244
33901	79707	1354
27827	70944	1276
30745	40387	1283
69469	53170	1324
90736	82856	606
42090	77928	606
70613	28071	606
15306	60241	810
49345	95254	58
81755	76407	1099
75721	18111	19
80924	18264	641
91838	43281	641
36700	39207	508
68430	96568	573
96123	58430	559
5193	66991	19
11508	58060	19
93198	52804	58
34231	67759	1276
83593	12572	370
25794	78427	19
65228	24605	1354
16226	30829	961
82856	72154	1283
30995	85797	1354
7975	56283	62
15725	15725	480
69900	67759	606
89445	26314	606
95008	99325	371
1563	80440	606
28034	63565	19
87495	55409	606
71815	43381	1120
8555	28421	798
26788	81409	19
29829	19798	512
69703	28018	641
73471	16021	1320
15460	54859	1276
34062	17541	840
61117	85129	1324
55085	55085	575
43999	52832	1134
58091	58091	575
23997	91117	1276
51809	14660	530
98989	77875	19
69578	69578	480
28331	40121	30
62400	34077	1134
52668	52668	134
26831	84813	766
12064	55417	606
64798	43025	641
54636	21620	371
51263	88621	573
47175	47175	134
99146	23450	263
98386	80276	606
45241	40403	51
33483	76171	1283
7302	39102	19
47729	71210	573
33531	84592	1320
21247	21247	575
10633	88448	573
55969	3338	922
22741	99354	58
60373	31553	1058
68798	88629	573
6851	8562	1283
45976	71943	766
65271	47953	162
50408	50408	134
69342	69342	134
16487	3493	19
56932	36527	1134
39005	39005	575
74443	36718	573
54334	83013	559
8759	80012	294
68768	68768	575
54034	40559	1057
37716	16750	1057
85147	92570	607
38503	34004	659
10398	10398	480
78759	78759	575
68351	38921	3
71096	71096	134
66814	66814	134
34665	61250	19
70866	35772	1276
63228	78709	606
100776	17888	370
62147	38213	19
464	93242	606
99999	54355	1324
92230	820	19
99919	29769	1214
74032	40030	58
84980	91190	19
71774	34714	606
99042	19278	626
95857	820	19
18333	18268	30
31446	18359	1114
47783	27964	1320
95489	95489	134
54282	96911	30
23933	39351	1030
73790	73790	134
70436	60446	771
69221	25315	641
14201	33771	922
32624	80038	1238
41238	15282	1354
17541	27758	1238
89590	83638	1276
40614	18816	1324
40559	38271	62
91766	72167	19
100325	20406	97
82408	8698	1298
16679	12824	606
70557	8929	559
67128	84788	1320
88193	95881	162
46122	62321	606
23614	90825	606
54847	77590	1276
90722	13908	1238
45976	2882	840
11269	50999	1099
29468	29468	575
2320	25226	1120
40905	56518	425
16423	16423	134
49491	3315	641
40290	38396	1283
84942	84942	755
56713	22527	606
5958	86476	659
60577	52932	30
61082	1514	1317
52101	43583	606
59741	58190	1283
32639	59592	1099
95338	11707	407
3533	53577	559
38734	68153	1283
500	55895	1141
58814	51930	19
36686	44044	30
46373	98544	1134
9341	6915	606
53559	7775	1324
9461	57013	19
49322	28493	573
15887	4811	606
61642	85840	170
50370	72841	62
99150	26949	573
47226	29512	1354
21609	95801	371
89805	8895	1324
56364	20447	343
99743	99743	575
7733	25866	343
73690	60068	1099
70537	55196	606
99632	23389	606
36791	24159	559
96891	72077	370
33546	13725	1283
85963	11616	606
22986	69279	430
65904	69228	30
62496	73241	573
7970	19690	19
93433	70611	1276
90411	55644	1276
38094	38094	575
53670	1869	641
45328	88316	1134
51086	15108	19
51240	81598	1276
51460	63860	606
45391	19748	1324
69887	29523	162
20995	32582	1324
68857	68857	134
47145	47145	480
22366	52840	1238
31023	40942	62
24670	34810	530
66057	66057	134
7498	35114	1324
92184	20305	19
81436	17838	20
65865	29946	606
79027	21358	1324
38010	9235	370
61805	82980	1057
58709	58709	134
59056	88179	641
44901	84867	1276
40226	94067	641
79470	10991	321
9193	62704	62
25840	70633	1057
6528	6528	1272
11707	93860	875
737	88640	1283
22718	30072	19
99935	99935	134
2352	59587	573
33847	56417	1238
43037	94779	1320
42680	91666	19
23047	54354	263
69059	38559	1058
58162	368	1324
58272	91910	371
52795	49648	1324
30220	28026	1134
59529	76541	19
17988	7952	19
55061	94386	606
10381	94429	606
70628	33150	1057
28111	28111	575
61792	46761	559
85254	72263	58
3950	12439	606
70938	72077	1099
36365	61411	606
52049	35586	1324
59840	78102	30
44309	77492	30
56655	76075	559
56015	56015	134
78212	38236	748
28251	28251	134
95695	30635	763
61176	61176	134
90075	62	94
82624	91863	1324
29118	29118	134
35961	39862	19
69279	32336	19
12530	97449	19
86134	86134	134
95181	63254	290
74400	74400	575
22984	35835	731
51539	100424	1238
25472	52803	19
100259	27844	606
49495	28767	573
93591	41138	343
56126	8831	19
35389	48651	1120
54159	44000	573
76821	34796	58
23510	14570	19
52383	71738	573
76115	76115	134
76274	67074	19
52528	52528	134
1091	63703	1238
9519	45807	1099
45723	71974	58
69441	29722	641
90726	7224	1238
56140	87581	370
4419	72937	58
47939	15533	810
33934	67922	1276
88640	75484	290
97558	70710	370
63091	36816	1283
86748	61722	1320
7638	59072	162
151	90411	606
89275	96540	1141
50163	62941	19
33350	33350	480
73669	57820	1324
43832	47771	1276
31530	74829	58
61685	16086	1120
40040	23660	1120
81821	59747	65
37855	71369	1324
36119	77474	1276
58190	31838	19
70846	46858	682
51080	55345	1354
38727	46859	1099
75752	325	19
23285	65336	162
68262	80133	378
83114	17671	1324
59057	45363	1134
45671	95959	1276
12585	51629	573
33119	33119	134
81391	81391	575
68872	68872	134
97419	94616	1276
94815	35919	606
65887	43076	62
51092	70952	430
45825	29831	1324
55689	21483	1276
54159	95105	154
85181	66312	840
90775	14107	58
55771	25850	1057
80217	85650	1276
9007	9007	575
90468	44626	573
47466	46269	19
46154	90301	1134
44628	73698	606
95105	54159	1344
2142	24340	256
61663	66864	1354
88998	9312	370
17533	73264	30
74448	74448	575
5119	5119	1049
554	22278	1276
38137	38137	480
99302	94995	1114
32033	77463	606
40994	80351	1238
32335	13088	606
2056	7690	1354
7693	45200	1120
76799	76799	134
38046	77161	766
14594	63962	1091
45661	45661	134
72137	41755	1238
9243	68125	343
51309	31755	19
85734	34966	30
46740	54916	606
28669	74566	1324
20224	20224	575
33584	33584	134
85692	81689	1200
55766	27333	1320
71096	71096	575
5522	96894	578
50084	79788	1354
70583	100144	1276
61260	43219	107
30295	57492	1120
29298	29298	134
41400	51418	58
45327	79592	170
46217	46217	572
36886	41313	19
12886	12886	134
72712	5520	1199
95392	35076	19
60809	94059	606
58890	37577	1134
27914	42918	1134
85809	69730	573
65225	55882	659
60965	82366	19
100248	29405	170
23674	59647	343
3644	75209	573
37670	35543	19
66891	66891	134
46426	9271	606
33152	33152	755
34653	79018	573
19262	11758	1324
83442	98943	546
82974	2056	875
86297	100732	1354
25178	71988	838
23550	77645	343
27223	69673	19
45358	81422	1238
94667	95040	62
57205	24640	19
39456	74622	1238
93571	93571	134
6392	28481	514
98965	56210	1238
84608	90357	1098
54498	23060	763
82399	65846	19
58495	11541	19
74622	39456	1098
21120	58275	606
90932	96925	566
47629	82239	1276
66003	3731	1091
91766	14944	19
73390	73390	1098
31838	58190	606
54530	44286	30
64851	3824	1238
25368	33517	606
71802	78485	19
54258	26360	641
21641	87551	606
80452	62395	1276
62577	17182	688
92340	16677	606
58070	55140	573
79638	65430	1276
21822	53277	1134
45924	54457	19
58090	58090	62
10055	12420	1134
30678	90202	19
51723	92650	1058
52579	71985	170
81821	151	606
34538	57979	1134
88621	806	1276
22035	82250	1171
32079	32079	134
9262	27425	1276
6800	6800	134
54605	54605	134
48926	70434	30
29297	73542	1238
24490	16729	606
17813	80588	1324
51629	12585	573
52641	55884	1238
88269	19690	19
8698	8698	1171
2259	2259	134
21592	98405	641
21227	31378	1099
80181	67422	154
65845	44636	573
11920	57285	370
8950	8950	575
29952	29952	575
2882	2882	134
896	96688	1283
30504	48917	641
84143	83894	58
22741	19764	1324
97049	97049	575
73053	73053	575
84737	49941	606
81312	81312	134
55600	57086	1120
11475	72103	19
83442	47555	1354
89933	91799	19
80056	69275	1324
50609	29183	30
68679	16338	1276
14698	29867	641
2374	77404	1320
35592	38433	65
59385	64787	30
81597	86359	573
82516	69469	573
36324	7402	1276
6459	54337	606
62307	33244	343
41755	72137	62
44578	45998	1238
37522	93155	1134
90063	6471	90
5522	51247	58
92670	52436	58
18576	18576	755
6394	82230	1276
49574	66721	606
40525	82711	1276
52522	98591	14
54457	28081	19
40483	20275	606
97534	77443	1057
3642	3642	575
58667	23569	1099
24969	90896	1099
21560	55641	19
72712	4674	19
6688	44626	559
51681	94309	559
21963	21963	575
69007	84709	1354
16291	62570	1324
54159	42049	58
24775	47365	62
72020	10122	405
92844	46252	1336
79313	84530	606
5180	80892	58
18100	29257	606
98361	59572	1120
397	86768	606
64128	53021	58
79278	32654	58
62319	41488	641
82319	14607	1354
15447	88146	343
59001	93872	19
61723	42604	1276
21265	90288	1238
85997	85997	134
63504	63504	575
7587	16987	370
80924	39388	1354
92806	92806	134
54998	49797	1111
925	925	575
47855	47855	134
56415	25874	19
9953	96285	1276
39462	23774	607
95751	21964	1057
38236	78212	838
45768	68596	606
88956	4594	1324
34691	36415	896
93537	52523	606
98535	63596	58
61473	151	1283
20517	59028	343
49727	20221	1091
81228	37837	19
29325	36680	62
27849	88640	654
5217	30887	673
23161	40908	184
71522	20835	430
43037	49030	1320
80938	648	606
38372	14861	1320
96416	68866	641
8646	64774	606
98437	55775	1056
45795	31781	740
56398	30250	1320
29203	98344	58
6778	30077	430
37903	75762	1324
85703	85703	134
41498	51410	19
22509	64787	1134
54334	16329	58
99893	90815	19
57000	22359	19
15635	806	19
57566	43073	1276
94390	37199	641
14521	14521	575
79256	18415	1134
66720	79509	19
21524	27812	740
72613	6132	1324
30860	81430	1354
93144	62006	30
71333	52135	30
19038	51014	606
48612	89933	606
33407	81097	370
47753	83967	1134
78840	42452	58
91411	63959	606
30749	3607	19
97455	17478	641
38442	66943	19
32218	80723	19
68537	73069	19
9167	93130	559
57466	83400	1324
93285	54159	58
37838	75289	58
62747	50484	606
69491	41805	58
67785	99326	19
13358	11143	606
95224	89254	62
35899	35899	575
66622	15448	1091
97583	50239	592
45550	51748	58
34356	93316	606
77600	20379	19
63254	95181	744
81946	81946	480
23896	41571	1324
175	43308	58
64097	91489	573
97086	32889	606
62871	97417	170
12720	38987	19
10687	73198	559
98103	19324	58
95422	31951	606
20532	88346	674
42080	76120	1099
75542	5692	58
82209	68626	1153
41323	63823	1150
15447	26290	90
89259	56126	606
24848	58720	263
65067	13087	58
31173	20482	606
36685	36685	575
40333	40333	134
5823	2028	1276
59960	77619	1320
68707	53571	1324
23074	82958	370
69742	33433	573
66844	66844	575
95237	38275	573
67943	76318	19
96688	896	1283
99571	1739	19
28493	49322	1324
48308	35451	546
7561	73725	12
7975	56283	1098
625	1050	430
97704	31621	606
57812	21704	1238
65286	90382	1320
69889	74303	1344
8151	52804	58
11266	11266	134
68366	4887	606
35037	35789	343
2115	37071	573
63155	81631	606
99426	83198	19
73479	73479	575
48517	88515	606
51014	76707	559
41663	69282	19
13202	27766	370
10166	66722	1133
37863	37863	134
51797	51797	134
74102	61264	606
38678	16083	1134
38800	16890	798
58382	44557	1141
40525	100456	606
58647	25030	1283
91117	98540	58
38711	32329	606
12146	32094	606
89465	67990	370
85922	85922	575
100387	3151	1120
73884	94922	1098
74020	22922	573
53943	37523	1324
1917	1917	480
1809	1809	575
90744	42552	30
26594	33639	1283
22332	69701	19
70883	70883	480
49604	49604	134
81234	24805	1114
65317	90610	559
92615	12533	606
99892	99892	134
88334	13058	62
96145	86750	62
55902	55902	134
69469	53170	573
57992	57992	134
11603	132	1120
70811	11108	19
95179	74175	573
58190	31838	606
45723	17779	559
9804	96285	1276
47521	94883	1128
23450	45962	1120
51314	51314	134
76599	7918	263
22900	7835	19
41348	41348	755
33047	15958	30
95281	95281	134
39648	84661	370
73328	65888	19
63397	36942	1324
28787	34459	573
40292	83967	30
87997	15438	573
45230	61018	30
1502	97022	1324
17813	80588	43
43521	88913	559
34559	99797	766
43684	43684	134
50613	79403	606
74331	19065	1276
54118	61114	58
40942	40942	134
2570	56728	606
15266	33698	1283
51263	15635	1276
90469	90469	134
59939	53371	1057
38097	31296	170
28245	61071	343
89366	20219	19
31698	77588	343
62440	42140	19
73643	93130	1324
75391	26139	2
90901	13319	1057
10281	78139	606
93283	61306	371
14791	70633	1199
85621	39512	19
99842	25870	722
43894	40610	30
32453	75683	343
80003	74591	58
79101	23820	370
74173	6575	606
51457	51457	575
1697	31936	370
53705	57237	1320
19748	86697	1276
49634	36379	19
44811	46015	58
94060	92119	1276
89343	68417	961
66353	73449	30
25769	93547	1098
71020	70396	65
5809	55696	58
70368	70368	755
6042	41381	1324
42539	45816	766
38440	39301	1238
22119	60262	19
27101	40707	1238
69005	69005	575
56859	56859	134
44537	96462	1276
5311	38798	1098
56829	91068	370
39351	23933	405
35836	46313	1354
65213	20995	606
20229	13417	1354
68302	20062	1276
175	45776	19
92490	67436	19
33008	40768	731
46395	74425	1143
59253	97840	744
24803	24803	1134
40413	67734	1134
60111	60111	134
27101	81724	343
96839	39472	370
98072	93139	1200
86368	59095	19
66844	81809	162
36167	80478	606
72820	61372	573
61026	43823	1324
4370	41000	573
86438	20309	19
84242	714	1292
57159	36915	58
27425	9262	58
13281	40747	370
95432	98120	62
95979	94143	1099
78394	6708	606
10264	50875	606
74771	43776	19
70231	81295	1283
60383	70955	606
10778	93507	1134
58162	66852	1324
29703	18098	1276
20995	39589	606
39648	18028	641
19018	35195	1324
33707	45635	1134
53419	17614	573
50471	83752	19
98053	61267	573
50597	10553	1320
85912	55715	1214
73693	77521	606
57518	7526	606
24022	84180	1134
85697	17267	1324
43725	37740	573
3824	64851	62
3210	38836	969
95565	23854	1057
77457	76356	1354
90251	66684	1324
56710	32125	766
36448	14661	606
18141	76265	19
68160	4740	1214
70567	97620	393
21221	18440	606
8888	8888	755
83528	68932	1120
10598	84429	162
79736	26113	559
95250	12519	1354
24773	34618	1276
58422	7622	343
97762	69221	1354
15732	98459	840
36569	36569	575
88540	85011	1134
19751	14414	1238
3356	11699	97
29977	90086	641
69760	25262	1276
94058	95445	1276
16786	10353	1036
79240	77571	573
132	11603	1099
69693	17632	641
90583	90583	134
46513	46513	755
29039	81946	924
26311	68341	1099
51263	12434	1324
72457	24663	30
76027	74390	1141
29798	8686	19
7733	7733	755
48852	91342	641
30376	37635	1354
63035	29146	1120
74128	74128	575
698	97838	19
58366	4989	606
93436	87228	16
34284	54193	1134
84652	92958	546
83831	67032	19
25927	78751	263
51854	32554	559
12515	62465	162
65332	91396	58
53283	75635	1283
97754	97754	575
91685	70500	62
74505	66836	1324
29952	80217	1354
14244	16327	1238
90923	19812	641
56263	11930	1330
65228	13149	1283
13472	38759	162
42946	23045	62
86243	74249	606
7690	2056	641
16830	74032	1324
24777	35015	19
30200	35506	1120
32874	35706	1057
52207	9243	641
2656	56003	62
96238	74569	30
17773	50456	19
23292	2566	1098
98925	28251	1098
44141	44307	19
62428	37307	606
73091	65829	1238
24462	24462	134
91576	45650	1134
87649	51420	606
23389	51261	606
61954	27525	370
94560	32724	19
62465	83555	343
29900	29900	575
15292	84353	1120
71923	86494	170
37838	39259	19
66633	66633	575
6447	37888	19
52435	27737	1158
95881	43378	1354
61158	61490	19
55699	95780	19
38108	52878	798
14518	10712	1153
60023	60023	575
9763	64015	1181
46761	68150	1283
27101	27101	575
76124	47674	58
67663	67663	575
50166	28204	573
77474	36119	58
9874	67395	1134
72121	39710	1120
91412	23749	1252
40082	983	1324
17116	34625	1057
89423	634	838
92289	24118	1099
84872	60470	487
55332	49972	1324
49272	79736	559
60656	63141	1238
2744	11196	1098
11013	40589	30
44149	60860	573
76294	54037	573
77394	48169	62
89309	31577	19
56895	3278	19
58244	41734	1276
54415	59019	343
8856	8856	575
23608	66635	606
83120	39300	370
79517	67422	766
69279	70769	1276
41037	79174	573
39316	61641	19
35789	35037	1057
19060	5360	30
3487	63093	19
63397	89620	58
68297	82856	606
89205	78315	674
51167	44146	573
24282	24282	575
92535	15560	573
62954	78393	19
74442	4687	19
625	82485	70
77205	20439	1141
85650	80217	58
50133	64437	634
72222	68711	19
72645	79810	62
94528	88709	606
35702	55182	19
13602	46616	606
7819	97784	1134
10112	50737	606
5215	5215	575
46285	46285	430
33254	14302	1276
29641	54202	606
24126	61876	573
46797	82711	573
87315	73149	868
15635	61117	1276
89747	75534	371
36472	86495	606
18656	28330	606
63998	52202	19
5607	34264	573
54492	32029	19
39390	78447	1058
25794	78427	559
40756	45634	30
6824	5159	1324
50456	7441	19
63927	29472	1056
80645	35501	766
66943	38442	606
98535	69851	573
65824	80468	58
35378	53296	641
98982	96249	573
64927	24718	559
24812	15851	62
99	7560	1238
13614	26342	1238
45107	96102	19
20684	53051	606
66848	89363	1134
40776	77523	1057
8128	85206	798
91489	64097	573
11945	11945	755
61925	52416	606
100513	21878	1120
59748	83590	1322
71628	80929	19
47844	93960	606
66744	82431	30
64887	88340	154
28787	89930	606
38574	90462	1099
49590	31452	606
62273	46313	546
17337	17337	575
80109	15669	573
9580	1657	30
44448	89334	1276
46578	46578	134
53015	92253	606
60618	26978	62
37001	91228	30
79564	64222	546
65882	38604	343
23403	35493	666
27046	67485	19
79315	97150	1276
34331	90885	1276
98459	98459	134
16316	57865	606
84530	56427	19
94309	51681	559
71411	71411	575
6004	36185	1283
43928	53641	1276
41252	67150	19
67457	18094	19
76946	76946	134
56844	12995	606
12295	39705	1099
23971	23971	575
20677	42473	263
93549	93549	755
14444	26715	62
56829	27971	798
12105	55106	1324
80003	57955	606
44114	21020	58
14426	24346	136
94706	49154	1134
52878	38108	430
65611	35291	573
43037	54842	1320
59960	90075	674
81261	87423	1298
9193	55152	170
72140	36176	641
36118	36118	430
11215	80713	573
17474	17482	606
29922	29922	480
21020	99393	573
31023	40942	1098
81784	44263	1238
32289	68702	343
33835	19913	371
57321	97210	19
8970	46740	1354
899	32301	19
45664	88006	626
79159	48440	606
63293	62697	1238
44229	14408	687
89267	7933	1134
90286	35680	641
10640	896	606
34774	70383	1238
73542	29297	1098
25270	85004	1091
76980	32014	19
3565	97143	606
58539	76217	343
52776	15997	1238
44789	15332	766
93010	47729	606
89254	95224	162
16799	88710	19
50484	34129	1324
65430	79638	58
46621	33961	606
19050	19050	575
8477	8477	755
64821	64821	575
90787	91306	688
95250	12683	94
57000	69828	606
28656	28656	480
33901	99604	641
73313	41141	430
50299	9688	19
55491	55174	19
26549	73336	58
55895	52737	840
79597	12675	641
93048	42403	699
47324	91117	606
66113	57978	606
3264	52612	606
69502	56267	1120
19382	66640	19
17936	8877	798
28587	96670	62
43194	89377	393
9907	53898	1134
28777	39039	19
13256	20614	1120
13845	43179	641
95836	82202	573
28688	50359	19
25275	11008	19
27046	98115	606
54360	46856	19
72103	30831	19
19288	25448	606
58190	1757	58
59666	75027	1140
78982	81245	1324
83021	3486	62
32455	32455	134
90775	85693	1354
81187	63164	58
5971	44595	1120
14490	7486	573
62781	37298	343
42633	82472	19
59120	88832	924
2795	66452	1099
93232	23146	573
22068	72671	1056
94235	29965	30
6148	55438	1238
4097	79495	573
41241	40226	1324
43368	55590	19
93717	23765	606
36185	37563	19
38886	69997	1134
55779	43308	573
36390	73669	1354
56924	9944	1283
24826	31242	430
7834	41430	606
31205	18236	1098
88777	69804	377
30750	13532	19
82165	69212	606
64961	55931	1099
56432	43637	1276
94891	68142	58
27215	29403	573
5247	92896	1120
70472	98669	1057
77833	30477	1134
97028	40514	1120
80377	93478	606
79693	58125	62
28887	86159	688
86427	86427	575
35635	72784	58
88381	79525	606
30568	67907	19
51362	91757	19
54159	79627	573
74513	75295	559
16847	89021	12
15214	77338	1238
17026	40190	840
14061	54402	1354
26233	80645	170
84206	2719	62
18072	92596	766
14891	8312	606
43308	82551	606
24159	67407	19
47703	90379	687
21148	21148	134
98576	476	1098
32559	23305	1120
39570	17665	1223
82428	75	30
33922	85793	641
88113	36544	370
95237	38275	1324
8346	75315	1120
94837	43690	1298
75464	1354	62
25275	11008	606
26977	59543	573
65967	2524	1205
95985	65223	1099
63162	33530	162
93198	8151	606
82145	9153	1238
48131	79136	926
8331	32431	371
42795	59001	1354
15717	98755	438
37253	61372	19
45523	52220	58
63921	20735	1276
84271	34279	1320
4196	66113	58
21838	57383	935
29996	54578	19
56893	56893	134
15635	51263	58
41037	70165	1283
17708	17708	471
74708	86835	606
59012	78293	1276
96498	96498	575
86889	79782	731
69742	93285	1276
65995	73683	1283
46740	8970	641
98535	32715	58
30529	85602	19
17715	57942	1276
36727	10178	1276
17804	35919	1276
9719	46309	370
19748	81295	1283
89927	29232	1134
27552	78977	1117
5627	84180	1120
37086	65061	1276
48825	18292	30
93860	73078	453
73943	74774	1276
19561	36676	19
20816	17154	840
41627	38481	606
90930	64491	196
35695	47555	1276
35789	83662	1057
17828	99901	1099
56893	6418	162
17671	83114	573
27798	27798	755
3216	28920	1337
72540	42371	530
86768	397	19
17342	46761	1283
71641	19647	370
59368	12064	19
29700	56164	901
48269	1570	573
9673	80847	19
88011	32792	19
5003	57653	1141
37332	25290	1098
8768	51822	1057
67296	51315	1120
51806	22763	1238
71973	71973	575
55909	67128	1099
26233	33712	343
83234	86456	990
27208	32094	606
77444	24502	676
14842	32793	1354
59518	58213	1238
26472	7209	1099
44000	17070	1324
81451	28828	1098
51300	51300	480
91826	10444	370
13602	68142	559
35038	20058	573
97464	70223	573
77306	87758	1354
28651	77872	1276
91313	22880	1276
51977	28476	1324
73643	54714	1283
68142	13602	559
99719	59789	19
21884	543	62
90151	99350	22
37613	17953	62
52620	96123	606
10495	83826	573
22160	14947	399
21369	59747	65
16210	79936	58
88378	88378	575
42334	93609	19
68479	68479	575
12704	3253	1099
38163	52207	1354
29234	71754	1120
48777	4972	606
76609	3991	840
23183	96213	766
69177	69177	575
35157	53019	798
45570	61235	30
59635	54455	314
74652	77777	1238
69270	78869	606
4774	29481	1276
56829	27971	641
8133	85006	573
13595	9116	641
47555	99569	606
9282	35392	1336
82997	33833	30
95407	1759	19
45319	74671	1098
49646	7422	606
51362	26314	19
504	54379	19
311	5093	1134
69760	55054	573
98356	16332	766
34529	25670	1057
73306	81280	1134
83079	70944	606
92944	45832	1238
100722	1154	1324
33737	33737	798
31907	55630	30
13319	21760	170
54399	32432	30
7436	62	94
92806	92806	575
92596	42286	1141
71738	52383	1324
5522	73669	606
60947	16412	1120
82222	15041	606
61985	61985	134
68768	68768	134
27509	73030	162
34023	3387	1324
11723	900	1098
56772	2849	1320
55155	55155	480
26538	7929	1099
13605	41368	676
85188	43900	62
75295	38396	573
47904	84128	840
68715	76939	170
91432	91432	575
39246	65925	30
67339	57794	1354
65429	65429	134
84353	15292	1099
82604	12777	1058
68723	68723	575
73929	72222	573
36944	73740	606
18899	56915	62
25521	17740	1120
28362	35367	30
69888	83462	1324
15260	50394	1120
40346	98006	606
69828	4511	1324
26977	59543	573
57365	18821	766
25646	38240	606
35560	84863	1238
18936	17107	26
11841	28759	573
12470	2798	1354
37173	20152	1238
28286	26251	559
186	16153	62
67918	55590	559
44281	64323	19
15775	56829	606
59521	64183	1120
49797	54998	887
45415	95479	263
81724	27101	1057
51023	31165	1324
87519	87519	480
984	14977	1345
65654	65654	134
56056	64339	539
74260	84497	606
47114	20975	1276
18064	98663	62
26977	27215	19
100386	93860	1344
74032	16830	1324
52636	32774	430
20966	27195	573
75916	26841	371
51109	86868	19
85069	85069	755
97254	97254	134
92220	68573	1079
6851	59253	290
9932	31098	19
74792	63805	62
84585	76609	1141
30344	55908	606
28828	28828	575
72967	72967	575
28528	40518	1057
51261	23389	606
75997	9664	1320
17988	83226	19
1452	34888	263
45998	44578	62
15266	17715	559
49670	49670	134
77178	54228	1354
69779	39253	1098
81137	81137	755
29429	29429	575
86159	28887	1130
15125	65215	19
9854	8057	1354
6200	37228	641
92779	13118	748
12989	81105	162
90976	61411	606
42560	71643	606
63714	63714	755
60421	60421	575
24826	26854	707
6825	100702	58
81308	53259	606
39954	39954	575
73541	20368	19
47617	47617	575
38017	10910	600
53587	53587	134
29629	20542	370
19857	1003	606
16833	34098	1276
55155	55155	755
72316	92027	343
29221	48112	263
97312	23879	19
20920	20920	480
44031	44031	134
73905	73905	755
46733	17907	606
46063	44559	573
32094	62800	1283
89818	22180	1320
32336	69279	19
86889	68347	969
25021	65816	19
93981	44946	263
2212	50521	343
17880	56868	606
81819	24198	573
46280	46280	575
21657	52313	1283
56704	36176	1276
96764	37657	19
100482	33236	62
66662	66662	575
4332	11635	62
68924	27255	1134
54903	92036	1298
12252	82332	573
97667	82045	573
34129	50484	573
65146	81045	1229
24579	24051	1238
4925	11326	294
80474	32017	1238
86996	81318	606
57124	53943	1354
55175	71271	430
48389	89974	606
56915	56915	134
24963	24963	134
36941	22461	19
66825	70242	1238
91483	91483	134
4089	86638	606
53019	35157	430
43916	15338	573
55966	75545	263
43735	26368	58
52620	96123	559
81543	40711	1134
54293	54293	575
53887	53887	755
1886	47778	754
64856	77029	1238
90591	25754	162
43321	2659	573
89170	77474	606
54356	43513	19
96295	58275	1276
40724	25077	1276
54370	76630	606
38288	71675	339
22645	44709	606
70955	74102	606
9402	47914	641
33438	22975	1099
98930	99393	58
37821	75466	1354
25670	41017	343
1609	1609	134
46761	8177	559
85840	61642	840
69404	65942	1134
71034	41057	19
59057	34036	30
47874	59186	370
9396	61248	370
11008	93960	1283
89280	61670	606
52405	16760	573
71910	62323	606
40420	22029	1354
65426	65426	134
92849	65596	1134
62704	59805	1238
40081	97561	94
89387	38100	19
38188	38188	755
47135	94307	58
46616	79736	606
42766	71736	1276
28717	7262	641
36074	58430	1283
96123	52620	559
31737	64017	1324
37829	51195	1134
78017	39351	606
77457	34073	58
59701	85654	1114
34966	85734	1134
37611	10236	606
7439	18440	58
66714	100139	573
18725	44146	573
7979	43907	606
34625	17116	343
26127	26127	480
93285	94939	606
93636	25765	1354
95411	70951	573
80197	44845	1098
12903	46072	1324
4978	25363	19
94391	73600	573
86774	43637	606
8465	8465	575
61695	56474	606
11031	54037	19
10131	36700	569
47175	47175	575
93242	19358	58
22037	89789	798
56034	90059	228
97444	97444	575
22718	49102	1199
39855	98191	62
36231	36081	1099
69335	81790	1276
34097	15635	573
95214	56728	19
43636	94738	1324
43368	55590	606
25765	99789	641
59629	62179	1276
19912	19912	134
18736	85589	19
54934	66989	809
38790	95266	1324
88232	10985	19
69669	3216	1141
44590	23232	58
93422	96631	1276
96872	56364	1098
38228	42238	19
60095	100135	570
80955	100248	345
68127	59195	343
22654	5119	1057
90599	42120	1320
91928	5086	19
13154	5718	1354
70359	69033	19
22718	7362	19
36074	46616	744
64105	98899	798
43178	76687	1057
42490	66124	19
66828	84019	559
2319	2319	134
77709	64061	559
45736	45736	480
52139	93118	2
33245	1639	370
72529	39719	1141
28208	28208	134
15994	52653	370
35904	35904	62
41906	90151	339
737	84403	370
35185	61681	19
89625	1058	606
63033	63033	755
6873	25859	961
20388	33141	1320
13428	69279	573
32577	86557	19
52082	32652	343
22094	22094	162
44000	66836	1324
57811	30197	1134
12236	36476	573
6936	35951	1283
45664	45664	134
70910	40757	425
83626	19798	1354
97823	2465	263
31627	4677	130
99146	45962	1120
36911	87264	1099
52620	89015	65
98854	98854	480
7970	19690	606
32125	56710	1141
89673	11317	798
52485	89870	1354
97754	97754	134
27512	53114	641
93937	78174	19
67403	31990	1098
41190	72611	19
77474	78345	1283
54189	46313	1354
61490	61158	606
64085	67890	62
58088	82980	840
62108	51816	838
85775	54850	606
91510	91510	575
62883	47513	1283
77173	77173	575
47104	43537	573
84677	30189	19
19704	100568	1120
12730	12730	1087
98925	28251	62
35733	36298	343
38734	68153	559
80695	6550	1344
80221	51963	19
74843	74843	755
75124	55192	606
17550	94602	30
46761	93979	1283
84143	90145	58
96221	54037	573
80139	2605	1120
59648	59648	1030
53002	47023	196
99254	98617	62
26368	43735	1276
45952	29341	606
13417	79612	641
94075	100229	97
26978	60618	1238
20811	66247	62
66576	6770	1057
88621	5466	1324
38780	19829	371
21460	25501	162
71131	10252	1238
91897	91897	575
80047	45565	343
24605	13961	58
33698	39744	606
34098	87134	58
50011	9349	606
71267	20266	606
41206	9150	244
28379	73669	1354
19893	32401	1120
94955	7653	257
94198	94198	134
41076	20995	1276
69716	53970	1276
77103	51032	1120
64533	31227	19
99162	61372	606
98169	4486	851
12279	35404	798
86190	81753	606
96872	56364	62
68347	86889	969
46708	100225	19
23846	71030	430
78091	78091	480
17107	78038	969
73811	88640	1354
45061	62875	58
64984	74757	19
40743	99543	170
70808	16568	606
84670	54757	19
8935	8935	575
28276	2202	722
95423	70356	606
55442	33456	1238
50238	41261	1134
44000	74505	1324
74303	100225	559
75107	11264	1354
88020	63147	1324
93580	10661	19
86599	30402	1141
22557	67991	370
62125	80685	606
4989	58366	19
30011	14416	573
80221	51963	606
22984	83531	731
94738	43636	573
7970	51546	1324
46961	34500	62
22214	84096	634
38802	68302	1283
66420	53285	798
55381	55381	480
57058	65784	1120
100581	78658	1276
76857	13833	573
16992	82737	370
37863	37863	575
54013	85917	58
28048	95625	641
43943	95882	559
39388	63986	641
96631	93422	58
8757	42749	606
9880	55511	2
8410	10236	1324
37312	32523	606
15553	100204	798
93919	95282	19
18053	10622	62
35536	94587	1199
12520	16654	58
87657	74893	573
55422	55422	575
32383	35447	606
5680	75404	1276
19984	54159	19
10330	20231	1324
90382	65286	370
39940	39940	134
64091	75196	1134
39600	90325	19
99893	31165	58
76483	46592	30
48649	59185	606
55278	68405	1120
1563	80440	19
26477	48904	573
70633	82513	343
